TIMER = 0
COADA1 = []
COADA2 = []
WaitingClients[[35,2,2], [6,3,5], [4,7,1], [31,9,2], [11,9,5], [29,11,3], [16,11,4], [10,11,1], [7,11,6], [49,12,2], [14,15,2], [38,18,3], [33,20,3], [27,20,6], [39,21,6], [17,22,3], [44,23,2], [1,24,4], [28,26,4], [46,27,1], [25,29,3], [36,30,6], [32,30,2], [19,31,1], [2,31,2], [40,32,4], [9,32,3], [34,35,6], [37,38,2], [41,39,2], [23,39,1], [8,39,4], [21,41,3], [13,41,6], [48,42,4], [12,42,4], [42,44,5], [15,44,4], [47,46,6], [26,46,1], [20,46,3], [5,47,4], [45,51,3], [24,51,6], [18,52,2], [30,54,2], [3,54,4], [50,56,1], [43,56,5], [22,57,4]]

TIMER = 1
COADA1 = []
COADA2 = []
WaitingClients[[35,2,2], [6,3,5], [4,7,1], [31,9,2], [11,9,5], [29,11,3], [16,11,4], [10,11,1], [7,11,6], [49,12,2], [14,15,2], [38,18,3], [33,20,3], [27,20,6], [39,21,6], [17,22,3], [44,23,2], [1,24,4], [28,26,4], [46,27,1], [25,29,3], [36,30,6], [32,30,2], [19,31,1], [2,31,2], [40,32,4], [9,32,3], [34,35,6], [37,38,2], [41,39,2], [23,39,1], [8,39,4], [21,41,3], [13,41,6], [48,42,4], [12,42,4], [42,44,5], [15,44,4], [47,46,6], [26,46,1], [20,46,3], [5,47,4], [45,51,3], [24,51,6], [18,52,2], [30,54,2], [3,54,4], [50,56,1], [43,56,5], [22,57,4]]

TIMER = 2
COADA1 = [[35,2,2]]
COADA2 = []
WaitingClients[[6,3,5], [4,7,1], [31,9,2], [11,9,5], [29,11,3], [16,11,4], [10,11,1], [7,11,6], [49,12,2], [14,15,2], [38,18,3], [33,20,3], [27,20,6], [39,21,6], [17,22,3], [44,23,2], [1,24,4], [28,26,4], [46,27,1], [25,29,3], [36,30,6], [32,30,2], [19,31,1], [2,31,2], [40,32,4], [9,32,3], [34,35,6], [37,38,2], [41,39,2], [23,39,1], [8,39,4], [21,41,3], [13,41,6], [48,42,4], [12,42,4], [42,44,5], [15,44,4], [47,46,6], [26,46,1], [20,46,3], [5,47,4], [45,51,3], [24,51,6], [18,52,2], [30,54,2], [3,54,4], [50,56,1], [43,56,5], [22,57,4]]

TIMER = 3
COADA1 = [[35,2,2]]
COADA2 = [[6,3,5]]
WaitingClients[[4,7,1], [31,9,2], [11,9,5], [29,11,3], [16,11,4], [10,11,1], [7,11,6], [49,12,2], [14,15,2], [38,18,3], [33,20,3], [27,20,6], [39,21,6], [17,22,3], [44,23,2], [1,24,4], [28,26,4], [46,27,1], [25,29,3], [36,30,6], [32,30,2], [19,31,1], [2,31,2], [40,32,4], [9,32,3], [34,35,6], [37,38,2], [41,39,2], [23,39,1], [8,39,4], [21,41,3], [13,41,6], [48,42,4], [12,42,4], [42,44,5], [15,44,4], [47,46,6], [26,46,1], [20,46,3], [5,47,4], [45,51,3], [24,51,6], [18,52,2], [30,54,2], [3,54,4], [50,56,1], [43,56,5], [22,57,4]]

TIMER = 4
COADA1 = []
COADA2 = [[6,3,5]]
WaitingClients[[4,7,1], [31,9,2], [11,9,5], [29,11,3], [16,11,4], [10,11,1], [7,11,6], [49,12,2], [14,15,2], [38,18,3], [33,20,3], [27,20,6], [39,21,6], [17,22,3], [44,23,2], [1,24,4], [28,26,4], [46,27,1], [25,29,3], [36,30,6], [32,30,2], [19,31,1], [2,31,2], [40,32,4], [9,32,3], [34,35,6], [37,38,2], [41,39,2], [23,39,1], [8,39,4], [21,41,3], [13,41,6], [48,42,4], [12,42,4], [42,44,5], [15,44,4], [47,46,6], [26,46,1], [20,46,3], [5,47,4], [45,51,3], [24,51,6], [18,52,2], [30,54,2], [3,54,4], [50,56,1], [43,56,5], [22,57,4]]

TIMER = 5
COADA1 = []
COADA2 = [[6,3,5]]
WaitingClients[[4,7,1], [31,9,2], [11,9,5], [29,11,3], [16,11,4], [10,11,1], [7,11,6], [49,12,2], [14,15,2], [38,18,3], [33,20,3], [27,20,6], [39,21,6], [17,22,3], [44,23,2], [1,24,4], [28,26,4], [46,27,1], [25,29,3], [36,30,6], [32,30,2], [19,31,1], [2,31,2], [40,32,4], [9,32,3], [34,35,6], [37,38,2], [41,39,2], [23,39,1], [8,39,4], [21,41,3], [13,41,6], [48,42,4], [12,42,4], [42,44,5], [15,44,4], [47,46,6], [26,46,1], [20,46,3], [5,47,4], [45,51,3], [24,51,6], [18,52,2], [30,54,2], [3,54,4], [50,56,1], [43,56,5], [22,57,4]]

TIMER = 6
COADA1 = []
COADA2 = [[6,3,5]]
WaitingClients[[4,7,1], [31,9,2], [11,9,5], [29,11,3], [16,11,4], [10,11,1], [7,11,6], [49,12,2], [14,15,2], [38,18,3], [33,20,3], [27,20,6], [39,21,6], [17,22,3], [44,23,2], [1,24,4], [28,26,4], [46,27,1], [25,29,3], [36,30,6], [32,30,2], [19,31,1], [2,31,2], [40,32,4], [9,32,3], [34,35,6], [37,38,2], [41,39,2], [23,39,1], [8,39,4], [21,41,3], [13,41,6], [48,42,4], [12,42,4], [42,44,5], [15,44,4], [47,46,6], [26,46,1], [20,46,3], [5,47,4], [45,51,3], [24,51,6], [18,52,2], [30,54,2], [3,54,4], [50,56,1], [43,56,5], [22,57,4]]

TIMER = 7
COADA1 = [[4,7,1]]
COADA2 = [[6,3,5]]
WaitingClients[[31,9,2], [11,9,5], [29,11,3], [16,11,4], [10,11,1], [7,11,6], [49,12,2], [14,15,2], [38,18,3], [33,20,3], [27,20,6], [39,21,6], [17,22,3], [44,23,2], [1,24,4], [28,26,4], [46,27,1], [25,29,3], [36,30,6], [32,30,2], [19,31,1], [2,31,2], [40,32,4], [9,32,3], [34,35,6], [37,38,2], [41,39,2], [23,39,1], [8,39,4], [21,41,3], [13,41,6], [48,42,4], [12,42,4], [42,44,5], [15,44,4], [47,46,6], [26,46,1], [20,46,3], [5,47,4], [45,51,3], [24,51,6], [18,52,2], [30,54,2], [3,54,4], [50,56,1], [43,56,5], [22,57,4]]

TIMER = 8
COADA1 = []
COADA2 = []
WaitingClients[[31,9,2], [11,9,5], [29,11,3], [16,11,4], [10,11,1], [7,11,6], [49,12,2], [14,15,2], [38,18,3], [33,20,3], [27,20,6], [39,21,6], [17,22,3], [44,23,2], [1,24,4], [28,26,4], [46,27,1], [25,29,3], [36,30,6], [32,30,2], [19,31,1], [2,31,2], [40,32,4], [9,32,3], [34,35,6], [37,38,2], [41,39,2], [23,39,1], [8,39,4], [21,41,3], [13,41,6], [48,42,4], [12,42,4], [42,44,5], [15,44,4], [47,46,6], [26,46,1], [20,46,3], [5,47,4], [45,51,3], [24,51,6], [18,52,2], [30,54,2], [3,54,4], [50,56,1], [43,56,5], [22,57,4]]

TIMER = 9
COADA1 = [[31,9,2]]
COADA2 = [[11,9,5]]
WaitingClients[[29,11,3], [16,11,4], [10,11,1], [7,11,6], [49,12,2], [14,15,2], [38,18,3], [33,20,3], [27,20,6], [39,21,6], [17,22,3], [44,23,2], [1,24,4], [28,26,4], [46,27,1], [25,29,3], [36,30,6], [32,30,2], [19,31,1], [2,31,2], [40,32,4], [9,32,3], [34,35,6], [37,38,2], [41,39,2], [23,39,1], [8,39,4], [21,41,3], [13,41,6], [48,42,4], [12,42,4], [42,44,5], [15,44,4], [47,46,6], [26,46,1], [20,46,3], [5,47,4], [45,51,3], [24,51,6], [18,52,2], [30,54,2], [3,54,4], [50,56,1], [43,56,5], [22,57,4]]

TIMER = 10
COADA1 = [[31,9,2]]
COADA2 = [[11,9,5]]
WaitingClients[[29,11,3], [16,11,4], [10,11,1], [7,11,6], [49,12,2], [14,15,2], [38,18,3], [33,20,3], [27,20,6], [39,21,6], [17,22,3], [44,23,2], [1,24,4], [28,26,4], [46,27,1], [25,29,3], [36,30,6], [32,30,2], [19,31,1], [2,31,2], [40,32,4], [9,32,3], [34,35,6], [37,38,2], [41,39,2], [23,39,1], [8,39,4], [21,41,3], [13,41,6], [48,42,4], [12,42,4], [42,44,5], [15,44,4], [47,46,6], [26,46,1], [20,46,3], [5,47,4], [45,51,3], [24,51,6], [18,52,2], [30,54,2], [3,54,4], [50,56,1], [43,56,5], [22,57,4]]

TIMER = 11
COADA1 = [[29,11,3], [16,11,4]]
COADA2 = [[11,9,5], [10,11,1], [7,11,6]]
WaitingClients[[49,12,2], [14,15,2], [38,18,3], [33,20,3], [27,20,6], [39,21,6], [17,22,3], [44,23,2], [1,24,4], [28,26,4], [46,27,1], [25,29,3], [36,30,6], [32,30,2], [19,31,1], [2,31,2], [40,32,4], [9,32,3], [34,35,6], [37,38,2], [41,39,2], [23,39,1], [8,39,4], [21,41,3], [13,41,6], [48,42,4], [12,42,4], [42,44,5], [15,44,4], [47,46,6], [26,46,1], [20,46,3], [5,47,4], [45,51,3], [24,51,6], [18,52,2], [30,54,2], [3,54,4], [50,56,1], [43,56,5], [22,57,4]]

TIMER = 12
COADA1 = [[29,11,3], [16,11,4], [49,12,2]]
COADA2 = [[11,9,5], [10,11,1], [7,11,6]]
WaitingClients[[14,15,2], [38,18,3], [33,20,3], [27,20,6], [39,21,6], [17,22,3], [44,23,2], [1,24,4], [28,26,4], [46,27,1], [25,29,3], [36,30,6], [32,30,2], [19,31,1], [2,31,2], [40,32,4], [9,32,3], [34,35,6], [37,38,2], [41,39,2], [23,39,1], [8,39,4], [21,41,3], [13,41,6], [48,42,4], [12,42,4], [42,44,5], [15,44,4], [47,46,6], [26,46,1], [20,46,3], [5,47,4], [45,51,3], [24,51,6], [18,52,2], [30,54,2], [3,54,4], [50,56,1], [43,56,5], [22,57,4]]

TIMER = 13
COADA1 = [[29,11,3], [16,11,4], [49,12,2]]
COADA2 = [[11,9,5], [10,11,1], [7,11,6]]
WaitingClients[[14,15,2], [38,18,3], [33,20,3], [27,20,6], [39,21,6], [17,22,3], [44,23,2], [1,24,4], [28,26,4], [46,27,1], [25,29,3], [36,30,6], [32,30,2], [19,31,1], [2,31,2], [40,32,4], [9,32,3], [34,35,6], [37,38,2], [41,39,2], [23,39,1], [8,39,4], [21,41,3], [13,41,6], [48,42,4], [12,42,4], [42,44,5], [15,44,4], [47,46,6], [26,46,1], [20,46,3], [5,47,4], [45,51,3], [24,51,6], [18,52,2], [30,54,2], [3,54,4], [50,56,1], [43,56,5], [22,57,4]]

TIMER = 14
COADA1 = [[16,11,4], [49,12,2]]
COADA2 = [[10,11,1], [7,11,6]]
WaitingClients[[14,15,2], [38,18,3], [33,20,3], [27,20,6], [39,21,6], [17,22,3], [44,23,2], [1,24,4], [28,26,4], [46,27,1], [25,29,3], [36,30,6], [32,30,2], [19,31,1], [2,31,2], [40,32